0 1 0
0 2 0
0 4 0
0 8 0
1 0 1
1 3 1
1 5 1
1 9 1
2 3 2
2 0 2
2 6 2
2 10 2
3 2 3
3 1 3
3 7 3
3 11 3
4 5 4
4 6 4
4 0 4
4 12 4
5 4 5
5 7 5
5 1 5
5 13 5
6 7 6
6 4 6
6 2 6
6 14 6
7 6 7
7 5 7
7 3 7
7 15 7
8 9 8
8 10 8
8 12 8
8 0 8
9 8 9
9 11 9
9 13 9
9 1 9
10 11 10
10 8 10
10 14 10
10 2 10
11 10 11
11 9 11
11 15 11
11 3 11
12 13 12
12 14 12
12 8 12
12 4 12
13 12 13
13 15 13
13 9 13
13 5 13
14 15 14
14 12 14
14 10 14
14 6 14
15 14 15
15 13 15
15 11 15
15 7 15
